5.539500000000000000e+04
2.001110000000000000e+05
2.688700000000000000e+04
2.250600000000000000e+04
5.771900000000000000e+04
1.076400000000000000e+04
2.029600000000000000e+04
1.159160000000000000e+05
3.407600000000000000e+04
2.603700000000000000e+04
4.393100000000000000e+04
1.332300000000000000e+04
2.494500000000000000e+04
1.355200000000000000e+04
1.508000000000000000e+04
5.090900000000000000e+04
5.454300000000000000e+04
1.267000000000000000e+04
1.088600000000000000e+04
3.791400000000000000e+04
1.397700000000000000e+04
8.128900000000000000e+04
4.948400000000000000e+04
4.171100000000000000e+04
7.106500000000000000e+04
8.097700000000000000e+04
3.773300000000000000e+04
1.035310000000000000e+05
1.687400000000000000e+04
3.160100000000000000e+04
2.671200000000000000e+04
8.553000000000000000e+03
1.518400000000000000e+04
1.719000000000000000e+04
1.041930000000000000e+05
5.266500000000000000e+04
6.607930000000000000e+05
1.408600000000000000e+04
9.309600000000000000e+04
3.347700000000000000e+04
1.542550000000000000e+05
9.078700000000000000e+04
1.058000000000000000e+04
1.942500000000000000e+04
3.502990000000000000e+05
2.011000000000000000e+04
3.027100000000000000e+04
9.463600000000000000e+04
4.151230000000000000e+05
2.194700000000000000e+04
2.261890000000000000e+05
1.196070000000000000e+05
9.826000000000000000e+03
2.036500000000000000e+04
3.338900000000000000e+04
2.253900000000000000e+04
5.960800000000000000e+04
8.669700000000000000e+04
2.066550000000000000e+05
1.316600000000000000e+04
8.132200000000000000e+04
4.116500000000000000e+04
2.022120000000000000e+05
6.547100000000000000e+04
1.683400000000000000e+04
1.109800000000000000e+04
2.415000000000000000e+04
3.360000000000000000e+03
5.750000000000000000e+03
3.010100000000000000e+05
1.786800000000000000e+04
9.570000000000000000e+02
1.921000000000000000e+03
4.988000000000000000e+03
9.935700000000000000e+04
2.566000000000000000e+03
2.082000000000000000e+03
3.240600000000000000e+04
5.747700000000000000e+04
1.378700000000000000e+04
1.398600000000000000e+04
1.631000000000000000e+03
9.788200000000000000e+04
9.817000000000000000e+03
9.703000000000000000e+03
7.717000000000000000e+03
3.160000000000000000e+03
6.396000000000000000e+03
8.900000000000000000e+03
1.036000000000000000e+03
6.931000000000000000e+03
9.488000000000000000e+03
8.010000000000000000e+03
2.364000000000000000e+03
6.350000000000000000e+02
5.547000000000000000e+03
7.182800000000000000e+04
1.274480000000000000e+05
1.376820000000000000e+05
5.311900000000000000e+04
3.795700000000000000e+04
9.346000000000000000e+03
2.023100000000000000e+04
4.087191000000000000e+06
2.033610000000000000e+05
1.081010000000000000e+05
1.004516000000000000e+06
4.019180000000000000e+05
4.669500000000000000e+04
2.188440000000000000e+05
2.032470000000000000e+05
1.859400000000000000e+04
2.094800000000000000e+04
4.085700000000000000e+04
2.423210000000000000e+05
3.719600000000000000e+04
1.114800000000000000e+04
5.202000000000000000e+03
2.774400000000000000e+04
1.118000000000000000e+04
2.257600000000000000e+04
1.511800000000000000e+04
2.563400000000000000e+04
8.449000000000000000e+03
2.393300000000000000e+04
2.108300000000000000e+04
1.025180000000000000e+05
6.169700000000000000e+04
4.954800000000000000e+04
1.722700000000000000e+04
7.755000000000000000e+03
1.226400000000000000e+04
1.862200000000000000e+04
1.207680000000000000e+05
1.780500000000000000e+04
1.212500000000000000e+04
9.732200000000000000e+04
1.814400000000000000e+04
4.369400000000000000e+04
2.232700000000000000e+04
3.336800000000000000e+04
1.350000000000000000e+04
3.695900000000000000e+04
1.348600000000000000e+04
1.753400000000000000e+04
7.229700000000000000e+04
2.600500000000000000e+04
7.111000000000000000e+03
1.693100000000000000e+04
9.860000000000000000e+03
1.397000000000000000e+04
1.253200000000000000e+04
2.195800000000000000e+04
7.155700000000000000e+04
1.574000000000000000e+04
1.636700000000000000e+04
4.342800000000000000e+04
4.423500000000000000e+04
7.582000000000000000e+03
9.082000000000000000e+03
8.723000000000000000e+03
7.904000000000000000e+03
2.482800000000000000e+04
1.024500000000000000e+04
1.993000000000000000e+04
1.102400000000000000e+04
2.424600000000000000e+04
2.022500000000000000e+04
6.320100000000000000e+04
8.304000000000000000e+03
3.927020000000000000e+05
1.757100000000000000e+04
2.689900000000000000e+04
1.157190000000000000e+05
1.069300000000000000e+04
7.929000000000000000e+03
1.267760000000000000e+05
1.742600000000000000e+04
1.690600000000000000e+04
1.249400000000000000e+04
4.022700000000000000e+04
1.685100000000000000e+04
2.207920000000000000e+05
7.859200000000000000e+04
6.910000000000000000e+03
2.195100000000000000e+04
1.610921000000000000e+06
1.116000000000000000e+03
3.674200000000000000e+04
2.242410000000000000e+05
4.462400000000000000e+04
2.141900000000000000e+04
1.111339000000000000e+06
2.721200000000000000e+04
1.830870000000000000e+05
9.659740000000000000e+05
2.795500000000000000e+04
1.348090000000000000e+05
1.790910000000000000e+05
1.841000000000000000e+04
8.745890000000000000e+05
1.502690000000000000e+05
6.418400000000000000e+04
3.174900000000000000e+04
1.011670500000000000e+07
1.545480000000000000e+05
2.607500000000000000e+05
1.768200000000000000e+04
8.786900000000000000e+04
2.663530000000000000e+05
9.023000000000000000e+03
1.399700000000000000e+04
4.313440000000000000e+05
1.416670000000000000e+05
9.889300000000000000e+04
3.145515000000000000e+06
3.716940000000000000e+05
1.860600000000000000e+04
2.329271000000000000e+06
1.482026000000000000e+06
5.826700000000000000e+04
2.112619000000000000e+06
3.263431000000000000e+06
8.524690000000000000e+05
7.155970000000000000e+05
2.790830000000000000e+05
7.585810000000000000e+05
4.406680000000000000e+05
1.894605000000000000e+06
2.718040000000000000e+05
1.798040000000000000e+05
3.003000000000000000e+03
4.362800000000000000e+04
4.311310000000000000e+05
5.002920000000000000e+05
5.319970000000000000e+05
9.584700000000000000e+04
6.306700000000000000e+04
1.317000000000000000e+04
4.581980000000000000e+05
5.383100000000000000e+04
8.461780000000000000e+05
2.075900000000000000e+05
7.396600000000000000e+04
4.807180000000000000e+05
1.617700000000000000e+04
6.188210000000000000e+05
1.224400000000000000e+04
3.645000000000000000e+03
5.630000000000000000e+03
3.133330000000000000e+05
6.213800000000000000e+04
1.836300000000000000e+04
1.871000000000000000e+03
9.187000000000000000e+03
8.265000000000000000e+03
3.568000000000000000e+03
5.360000000000000000e+03
4.361000000000000000e+03
2.987000000000000000e+04
6.638620000000000000e+05
1.978000000000000000e+03
3.146380000000000000e+05
5.292100000000000000e+04
2.419500000000000000e+04
6.635190000000000000e+05
4.650200000000000000e+04
5.746100000000000000e+04
5.851000000000000000e+03
1.454600000000000000e+04
1.572500000000000000e+04
7.860000000000000000e+02
6.462000000000000000e+03
1.396000000000000000e+03
5.585030000000000000e+05
1.402000000000000000e+03
8.072000000000000000e+03
7.357000000000000000e+03
5.398900000000000000e+04
3.241220000000000000e+05
1.405200000000000000e+04
5.510000000000000000e+03
2.252400000000000000e+04
1.482550000000000000e+05
6.980000000000000000e+02
1.292800000000000000e+04
2.577200000000000000e+04
4.087300000000000000e+04
2.832800000000000000e+04
1.848800000000000000e+04
4.629000000000000000e+03
1.634500000000000000e+04
4.363000000000000000e+03
1.762600000000000000e+04
1.203400000000000000e+04
1.618750000000000000e+05
6.707000000000000000e+03
1.160700000000000000e+04
2.386500000000000000e+04
6.196000000000000000e+03
7.200000000000000000e+02
7.840000000000000000e+03
2.348000000000000000e+03
2.940400000000000000e+04
2.338900000000000000e+04
4.780000000000000000e+03
2.776700000000000000e+05
1.020200000000000000e+04
9.454380000000000000e+05
8.979850000000000000e+05
1.849930000000000000e+05
1.649430000000000000e+05
8.612770000000000000e+05
2.736760000000000000e+05
1.513670000000000000e+05
1.169980000000000000e+05
1.719870000000000000e+05
5.527780000000000000e+05
2.108490000000000000e+05
6.588930000000000000e+05
2.563800000000000000e+05
2.709300000000000000e+04
1.789850000000000000e+05
2.670200000000000000e+04
5.568850000000000000e+05
1.869235000000000000e+06
1.453200000000000000e+04
1.684740000000000000e+05
1.393770000000000000e+05
1.997980000000000000e+05
3.487770000000000000e+05
6.785700000000000000e+04
3.501200000000000000e+04
1.590700000000000000e+04
8.976980000000000000e+05
3.106590000000000000e+05
1.024080000000000000e+05
1.181500000000000000e+04
4.628100000000000000e+04
1.699700000000000000e+04
1.363500000000000000e+04
1.594400000000000000e+04
1.404800000000000000e+04
2.746900000000000000e+04
3.850500000000000000e+04
1.758550000000000000e+05
9.823600000000000000e+04
1.316298000000000000e+06
1.965000000000000000e+04
1.447550000000000000e+05
4.880100000000000000e+04
1.405000000000000000e+04
8.835000000000000000e+03
3.156900000000000000e+05
6.795130000000000000e+05
2.839880000000000000e+05
3.961300000000000000e+04
8.360000000000000000e+03
1.851800000000000000e+04
3.517460000000000000e+05
3.391670000000000000e+05
1.533920000000000000e+05
2.662874000000000000e+06
7.713600000000000000e+04
7.661900000000000000e+04
1.965120000000000000e+05
3.914900000000000000e+04
1.253001000000000000e+06
3.102110000000000000e+05
1.397710000000000000e+06
4.853310000000000000e+05
9.380980000000000000e+05
6.346380000000000000e+05
7.214300000000000000e+04
2.179190000000000000e+05
2.910280000000000000e+05
1.634220000000000000e+05
3.969620000000000000e+05
4.425160000000000000e+05
1.143500000000000000e+05
4.402200000000000000e+04
2.258200000000000000e+04
1.519000000000000000e+04
5.075310000000000000e+05
3.143200000000000000e+04
6.153000000000000000e+04
2.445100000000000000e+04
1.854000000000000000e+04
8.223000000000000000e+03
1.128100000000000000e+04
3.255000000000000000e+03
4.590900000000000000e+04
1.829500000000000000e+04
7.324000000000000000e+04
1.017360000000000000e+05
1.746400000000000000e+04
1.870000000000000000e+04
1.539050000000000000e+05
1.279500000000000000e+04
1.841700000000000000e+04
1.541800000000000000e+04
3.390600000000000000e+04
7.208700000000000000e+04
2.270900000000000000e+04
2.336800000000000000e+04
6.463000000000000000e+03
5.202700000000000000e+04
1.088800000000000000e+04
1.140930000000000000e+05
6.562100000000000000e+04
1.289700000000000000e+04
2.833790000000000000e+05
1.183700000000000000e+04
2.493900000000000000e+04
2.309850000000000000e+05
1.209380000000000000e+05
3.102000000000000000e+03
2.675420000000000000e+05
6.831000000000000000e+03
7.309810000000000000e+05
4.281100000000000000e+04
4.610200000000000000e+04
1.392570000000000000e+05
1.721400000000000000e+04
1.355710000000000000e+05
1.238700000000000000e+04
2.293400000000000000e+04
1.638900000000000000e+04
2.295700000000000000e+04
2.722000000000000000e+04
7.221610000000000000e+05
2.097600000000000000e+04
1.418800000000000000e+04
9.240700000000000000e+04
1.387760000000000000e+05
1.049100000000000000e+04
4.003000000000000000e+03
5.542300000000000000e+04
1.943800000000000000e+04
2.275500000000000000e+04
1.089800000000000000e+04
2.375300000000000000e+04
1.096640000000000000e+05
9.606300000000000000e+04
2.043020000000000000e+05
2.226400000000000000e+04
9.963190000000000000e+05
2.882900000000000000e+04
3.053000000000000000e+03
8.217500000000000000e+04
5.604700000000000000e+04
2.535900000000000000e+04
1.649000000000000000e+04
8.779220000000000000e+05
4.375200000000000000e+04
1.907610000000000000e+05
8.509000000000000000e+03
2.864100000000000000e+04
3.287600000000000000e+04
2.537700000000000000e+04
1.160300000000000000e+04
2.138690000000000000e+05
1.491110000000000000e+05
9.104000000000000000e+03
6.187000000000000000e+04
1.343200000000000000e+04
1.485900000000000000e+04
1.627200000000000000e+04
9.125000000000000000e+03
9.701000000000000000e+03
2.878700000000000000e+04
1.820700000000000000e+04
1.037300000000000000e+04
4.785100000000000000e+04
2.919100000000000000e+04
6.519800000000000000e+04
7.622000000000000000e+03
1.711300000000000000e+04
1.135230000000000000e+05
3.117600000000000000e+04
2.137000000000000000e+04
1.421400000000000000e+04
1.379200000000000000e+04
2.831200000000000000e+04
8.797000000000000000e+03
2.119800000000000000e+04
5.958000000000000000e+03
2.277100000000000000e+04
2.705100000000000000e+04
8.991000000000000000e+03
1.795600000000000000e+04
3.941000000000000000e+04
2.008870000000000000e+05
1.036750000000000000e+05
3.509300000000000000e+04
1.467300000000000000e+04
1.489870000000000000e+05
2.692200000000000000e+04
2.999700000000000000e+04
1.899100000000000000e+04
1.778400000000000000e+04
4.113300000000000000e+04
1.148300000000000000e+04
2.119200000000000000e+04
2.315000000000000000e+03
1.624300000000000000e+04
7.313000000000000000e+03
2.013680000000000000e+05
8.775400000000000000e+04
5.163000000000000000e+03
1.408500000000000000e+04
8.686000000000000000e+03
6.398800000000000000e+04
2.548000000000000000e+04
5.744000000000000000e+03
3.123200000000000000e+04
6.390000000000000000e+03
1.693000000000000000e+03
2.522400000000000000e+04
8.442000000000000000e+03
1.651800000000000000e+04
9.132000000000000000e+03
4.495900000000000000e+04
4.070400000000000000e+04
2.728200000000000000e+04
1.109800000000000000e+04
6.778000000000000000e+03
6.946900000000000000e+04
8.153000000000000000e+03
8.320000000000000000e+03
2.198400000000000000e+04
2.625600000000000000e+04
6.821800000000000000e+04
8.761500000000000000e+04
3.551500000000000000e+04
5.520000000000000000e+03
2.063500000000000000e+04
2.994900000000000000e+04
2.649000000000000000e+03
7.995000000000000000e+03
2.797000000000000000e+04
1.035420000000000000e+05
8.847000000000000000e+03
9.940000000000000000e+03
9.326000000000000000e+03
2.094000000000000000e+04
1.941900000000000000e+05
9.917880000000000000e+05
7.047500000000000000e+04
1.630190000000000000e+05
4.262360000000000000e+05
3.861000000000000000e+03
8.334700000000000000e+04
5.957000000000000000e+03
9.118000000000000000e+03
4.526900000000000000e+04
2.148200000000000000e+04
6.824000000000000000e+03
4.158500000000000000e+04
1.086230000000000000e+05
1.097900000000000000e+04
2.622000000000000000e+03
1.039000000000000000e+03
2.031430000000000000e+05
6.837000000000000000e+03
2.354000000000000000e+04
8.670000000000000000e+02
8.562000000000000000e+03
4.140000000000000000e+03
2.609400000000000000e+04
1.302100000000000000e+04
1.286700000000000000e+04
1.686600000000000000e+04
1.506400000000000000e+04
1.621500000000000000e+04
2.702100000000000000e+04
2.281800000000000000e+04
1.473260000000000000e+05
3.841100000000000000e+04
7.726000000000000000e+03
3.838000000000000000e+03
5.316000000000000000e+03
3.803800000000000000e+04
2.032300000000000000e+04
4.000700000000000000e+04
4.184000000000000000e+03
1.135300000000000000e+04
2.283600000000000000e+04
7.617000000000000000e+03
1.239000000000000000e+04
1.034100000000000000e+04
8.091400000000000000e+04
9.826000000000000000e+03
1.002100000000000000e+04
6.698800000000000000e+04
7.492000000000000000e+03
1.726900000000000000e+04
5.386900000000000000e+04
6.832000000000000000e+03
3.384000000000000000e+04
4.956000000000000000e+03
1.471500000000000000e+04
1.315600000000000000e+04
2.071330000000000000e+05
3.389200000000000000e+04
1.618000000000000000e+04
1.352000000000000000e+04
3.785700000000000000e+04
5.332000000000000000e+04
5.246456000000000000e+06
1.939300000000000000e+04
1.083300000000000000e+04
1.054620000000000000e+05
1.628400000000000000e+04
1.988900000000000000e+04
9.327080000000000000e+05
1.784100000000000000e+04
6.617000000000000000e+03
3.432000000000000000e+04
2.187000000000000000e+04
1.368800000000000000e+04
3.941100000000000000e+04
3.600700000000000000e+04
5.291000000000000000e+03
1.343400000000000000e+04
5.042500000000000000e+04
8.296000000000000000e+03
1.856400000000000000e+04
4.129000000000000000e+03
6.916000000000000000e+03
4.963500000000000000e+04
2.887900000000000000e+04
5.967700000000000000e+04
9.623000000000000000e+03
3.853400000000000000e+04
2.257100000000000000e+04
2.225400000000000000e+04
1.260100000000000000e+04
5.273060000000000000e+05
1.113750000000000000e+05
1.213500000000000000e+05
5.206900000000000000e+04
7.051860000000000000e+05
1.112410000000000000e+05
1.651900000000000000e+04
3.473500000000000000e+04
3.790300000000000000e+04
2.974600000000000000e+04
3.188000000000000000e+04
3.072830000000000000e+05
1.740610000000000000e+05
1.083500000000000000e+05
4.645300000000000000e+04
2.665600000000000000e+05
3.857100000000000000e+04
1.201400000000000000e+04
1.389800000000000000e+04
1.490500000000000000e+04
1.257000000000000000e+04
1.594500000000000000e+04
3.372200000000000000e+04
2.935900000000000000e+04
3.492900000000000000e+04
1.483700000000000000e+04
5.208500000000000000e+04
1.873190000000000000e+05
2.167200000000000000e+04
1.643100000000000000e+04
1.602200000000000000e+04
4.276000000000000000e+03
5.815000000000000000e+03
5.814000000000000000e+03
3.286900000000000000e+04
1.606100000000000000e+04
1.460630000000000000e+05
2.657290000000000000e+05
2.461200000000000000e+04
1.989970000000000000e+05
7.330000000000000000e+03
5.204000000000000000e+03
2.204800000000000000e+04
5.813000000000000000e+03
4.643500000000000000e+04
1.357070000000000000e+05
1.744700000000000000e+04
7.972800000000000000e+04
1.154900000000000000e+04
1.787400000000000000e+04
1.433700000000000000e+04
1.654300000000000000e+04
1.437400000000000000e+04
5.687600000000000000e+04
6.854190000000000000e+05
6.700800000000000000e+04
2.885420000000000000e+05
3.918700000000000000e+04
3.479100000000000000e+04
3.659180000000000000e+05
8.021700000000000000e+04
8.700000000000000000e+03
1.240100000000000000e+04
6.191500000000000000e+04
1.496200000000000000e+04
1.992300000000000000e+04
3.843800000000000000e+04
1.142620000000000000e+05
2.656200000000000000e+04
3.277600000000000000e+04
1.065500000000000000e+04
3.272900000000000000e+04
4.950600000000000000e+04
2.652400000000000000e+04
4.238300000000000000e+04
1.170740000000000000e+05
4.234500000000000000e+04
2.019710000000000000e+05
2.346800000000000000e+04
7.617900000000000000e+04
1.665800000000000000e+04
2.293400000000000000e+04
2.050000000000000000e+04
3.375900000000000000e+04
6.856900000000000000e+04
3.272600000000000000e+04
3.026230000000000000e+05
7.197800000000000000e+04
3.929900000000000000e+04
1.560560000000000000e+05
4.899500000000000000e+04
8.298200000000000000e+04
3.670600000000000000e+04
4.370500000000000000e+04
3.347500000000000000e+04
2.117900000000000000e+04
3.249400000000000000e+04
2.800000000000000000e+04
1.475380000000000000e+05
3.793800000000000000e+04
7.856400000000000000e+04
3.843600000000000000e+04
4.902280000000000000e+05
1.114440000000000000e+05
4.570400000000000000e+04
1.300690000000000000e+05
9.342430000000000000e+05
4.710700000000000000e+04
1.020300000000000000e+04
3.595400000000000000e+04
1.433390000000000000e+05
3.814600000000000000e+04
6.969300000000000000e+04
1.415600000000000000e+04
4.761800000000000000e+04
6.035000000000000000e+03
1.962600000000000000e+04
2.096900000000000000e+04
1.723300000000000000e+04
1.945400000000000000e+04
1.262400000000000000e+04
1.670760000000000000e+05
2.554000000000000000e+04
1.296700000000000000e+04
3.761800000000000000e+04
2.538400000000000000e+04
2.849700000000000000e+04
1.689200000000000000e+04
2.676180000000000000e+05
2.371200000000000000e+04
4.457900000000000000e+04
2.080100000000000000e+04
2.307400000000000000e+04
3.430800000000000000e+04
2.105000000000000000e+04
1.045200000000000000e+04
1.830740000000000000e+05
1.541500000000000000e+04
7.246000000000000000e+03
1.820060000000000000e+05
1.569300000000000000e+04
1.081750000000000000e+05
3.225200000000000000e+04
8.352000000000000000e+03
6.114900000000000000e+04
2.787800000000000000e+04
6.767100000000000000e+04
2.786200000000000000e+04
2.445300000000000000e+04
3.340300000000000000e+04
7.454000000000000000e+03
3.875000000000000000e+03
1.403800000000000000e+04
1.266100000000000000e+04
5.794000000000000000e+03
2.568000000000000000e+04
1.328970000000000000e+05
2.643300000000000000e+04
2.472100000000000000e+04
2.103800000000000000e+04
2.057800000000000000e+04
1.500600000000000000e+04
9.866000000000000000e+03
2.056200000000000000e+04
1.344800000000000000e+04
1.841100000000000000e+04
4.325400000000000000e+04
1.183600000000000000e+04
1.226400000000000000e+04
9.217000000000000000e+03
1.651500000000000000e+04
1.769200000000000000e+04
4.805100000000000000e+04
1.722800000000000000e+04
7.740000000000000000e+04
8.781000000000000000e+03
8.263000000000000000e+03
1.739800000000000000e+04
4.025500000000000000e+04
1.693500000000000000e+04
9.637000000000000000e+04
9.990000000000000000e+03
2.034300000000000000e+04
1.607700000000000000e+04
1.043600000000000000e+04
7.022000000000000000e+03
9.200000000000000000e+03
1.237500000000000000e+04
1.072200000000000000e+04
1.511700000000000000e+04
1.102700000000000000e+04
1.731100000000000000e+04
1.432400000000000000e+04
2.021700000000000000e+04
9.449000000000000000e+03
9.640000000000000000e+03
7.042000000000000000e+03
1.637500000000000000e+04
1.948200000000000000e+04
3.687200000000000000e+04
1.732500000000000000e+04
1.422870000000000000e+05
2.045400000000000000e+04
1.023100000000000000e+04
1.522200000000000000e+04
3.528600000000000000e+04
2.177510000000000000e+05
1.116100000000000000e+04
8.701000000000000000e+03
1.168300000000000000e+04
1.560900000000000000e+04
2.237000000000000000e+04
3.336500000000000000e+04
4.086600000000000000e+04
1.483100000000000000e+04
1.077900000000000000e+04
8.996000000000000000e+03
8.001000000000000000e+03
1.042100000000000000e+04
4.290300000000000000e+04
1.405600000000000000e+04
6.218000000000000000e+03
1.549600000000000000e+04
9.099000000000000000e+03
2.487400000000000000e+04
7.138000000000000000e+03
4.598620000000000000e+05
9.312800000000000000e+04
1.866800000000000000e+04
5.051000000000000000e+03
1.003500000000000000e+04
1.713870000000000000e+05
1.194800000000000000e+04
3.468100000000000000e+04
9.407300000000000000e+04
1.745100000000000000e+04
6.143000000000000000e+03
1.251600000000000000e+04
7.468000000000000000e+03
3.521200000000000000e+04
4.795600000000000000e+04
2.207000000000000000e+04
6.395000000000000000e+03
3.695500000000000000e+04
1.055900000000000000e+04
2.076800000000000000e+04
1.022710000000000000e+05
7.624000000000000000e+03
1.284000000000000000e+04
1.290900000000000000e+04
7.883000000000000000e+03
1.651300000000000000e+04
4.897000000000000000e+03
2.738500000000000000e+04
1.477200000000000000e+04
9.815000000000000000e+03
6.622700000000000000e+04
2.692000000000000000e+03
3.481000000000000000e+03
2.078700000000000000e+04
2.693000000000000000e+03
2.144000000000000000e+03
8.317000000000000000e+03
9.385000000000000000e+03
8.433000000000000000e+03
1.954000000000000000e+03
3.596300000000000000e+04
3.929000000000000000e+04
2.908000000000000000e+03
1.939400000000000000e+04
7.874000000000000000e+03
1.165850000000000000e+05
3.030000000000000000e+03
2.694000000000000000e+03
2.901300000000000000e+04
6.392000000000000000e+03
3.718400000000000000e+04
3.479500000000000000e+04
2.561100000000000000e+04
3.671300000000000000e+04
2.727000000000000000e+03
2.566000000000000000e+03
7.816000000000000000e+03
6.082000000000000000e+03
1.301000000000000000e+03
6.328000000000000000e+03
2.603000000000000000e+03
5.818000000000000000e+03
3.482000000000000000e+04
4.106000000000000000e+03
1.916000000000000000e+03
1.353900000000000000e+04
1.885500000000000000e+04
3.043000000000000000e+03
5.742720000000000000e+05
3.915000000000000000e+03
7.698000000000000000e+03
2.513000000000000000e+03
2.096000000000000000e+04
1.687000000000000000e+03
7.879700000000000000e+04
3.167000000000000000e+03
9.502000000000000000e+03
2.794000000000000000e+03
3.321200000000000000e+04
2.924100000000000000e+04
1.220800000000000000e+04
1.000600000000000000e+04
4.357000000000000000e+03
3.282200000000000000e+04
6.284000000000000000e+03
3.406500000000000000e+04
5.698000000000000000e+03
3.110000000000000000e+03
1.014800000000000000e+04
1.641600000000000000e+04
3.105000000000000000e+03
5.560000000000000000e+03
1.593600000000000000e+04
3.756000000000000000e+03
6.065000000000000000e+03
6.916000000000000000e+03
5.533000000000000000e+03
2.289700000000000000e+04
9.850000000000000000e+03
2.584000000000000000e+03
6.379400000000000000e+04
4.803000000000000000e+03
1.001500000000000000e+04
7.519400000000000000e+04
5.155000000000000000e+03
3.197000000000000000e+03
6.956000000000000000e+03
5.575500000000000000e+04
5.080000000000000000e+03
5.088030000000000000e+05
2.346500000000000000e+04
1.784060000000000000e+05
2.539000000000000000e+03
6.110000000000000000e+03
3.769000000000000000e+03
4.297000000000000000e+03
2.111000000000000000e+03
5.801000000000000000e+03
2.352800000000000000e+04
7.891000000000000000e+03
2.902000000000000000e+03
7.022000000000000000e+03
1.506000000000000000e+03
5.598000000000000000e+03
2.176000000000000000e+03
9.028000000000000000e+03
3.157000000000000000e+03
1.616360000000000000e+05
1.920400000000000000e+04
2.038400000000000000e+04
2.188800000000000000e+04
8.240000000000000000e+03
4.314800000000000000e+04
1.220600000000000000e+04
2.777800000000000000e+04
1.264130000000000000e+05
1.997200000000000000e+04
4.883200000000000000e+04
2.970600000000000000e+04
8.406000000000000000e+03
1.340900000000000000e+04
1.988800000000000000e+04
7.795500000000000000e+04
1.287500000000000000e+04
1.272500000000000000e+04
3.828200000000000000e+04
9.183300000000000000e+04
4.978000000000000000e+03
1.081500000000000000e+04
2.722300000000000000e+04
1.589100000000000000e+04
7.425000000000000000e+04
3.575800000000000000e+04
2.114700000000000000e+04
1.016500000000000000e+04
9.224000000000000000e+03
6.745000000000000000e+03
9.827500000000000000e+04
1.201300000000000000e+04
7.672000000000000000e+03
1.444700000000000000e+04
3.107970000000000000e+05
1.454500000000000000e+04
3.810800000000000000e+04
4.988000000000000000e+04
6.265000000000000000e+03
8.589000000000000000e+03
1.685800000000000000e+04
2.487500000000000000e+04
3.761800000000000000e+04
2.619400000000000000e+04
1.104300000000000000e+04
3.630800000000000000e+04
8.753000000000000000e+03
1.082660000000000000e+05
2.816300000000000000e+04
1.859200000000000000e+04
1.859700000000000000e+04
4.646700000000000000e+04
1.557200000000000000e+04
4.734000000000000000e+03
4.637600000000000000e+04
1.328900000000000000e+04
7.600260000000000000e+05
5.081500000000000000e+04
2.326200000000000000e+04
1.639290000000000000e+05
1.589200000000000000e+04
3.179800000000000000e+04
1.418000000000000000e+04
6.001500000000000000e+04
1.580400000000000000e+04
7.594000000000000000e+03
1.091800000000000000e+04
2.335900000000000000e+04
1.388000000000000000e+04
2.444500000000000000e+04
9.359000000000000000e+03
2.686700000000000000e+04
8.430000000000000000e+03
6.531600000000000000e+04
1.786300000000000000e+04
9.478000000000000000e+03
8.734000000000000000e+04
1.291300000000000000e+04
2.000700000000000000e+04
3.095300000000000000e+04
1.253700000000000000e+04
1.716600000000000000e+04
2.913900000000000000e+04
6.287000000000000000e+03
2.131900000000000000e+04
9.990000000000000000e+03
1.070400000000000000e+04
2.747400000000000000e+04
1.330300000000000000e+04
3.120700000000000000e+04
4.481200000000000000e+04
7.041000000000000000e+03
2.397700000000000000e+04
6.349000000000000000e+04
1.064500000000000000e+04
4.508000000000000000e+03
1.449300000000000000e+04
2.759700000000000000e+04
6.303400000000000000e+04
1.243400000000000000e+04
6.382500000000000000e+04
2.197000000000000000e+03
1.682600000000000000e+04
2.365500000000000000e+04
1.777400000000000000e+04
5.128400000000000000e+04
4.487500000000000000e+04
1.782600000000000000e+04
1.766800000000000000e+04
2.525700000000000000e+04
1.252000000000000000e+04
1.414200000000000000e+04
8.786000000000000000e+03
1.516500000000000000e+04
1.204600000000000000e+05
1.195900000000000000e+04
2.048600000000000000e+04
1.323600000000000000e+04
3.550300000000000000e+04
7.214000000000000000e+03
2.556300000000000000e+04
6.248600000000000000e+04
2.571300000000000000e+04
1.170290000000000000e+05
2.303400000000000000e+04
4.114500000000000000e+04
3.619800000000000000e+04
1.388500000000000000e+04
1.250640000000000000e+05
2.526030000000000000e+05
1.972040000000000000e+05
9.894000000000000000e+03
6.679000000000000000e+03
1.015100000000000000e+04
1.641200000000000000e+04
2.046600000000000000e+04
2.714200000000000000e+04
4.460420000000000000e+05
7.487000000000000000e+03
1.981300000000000000e+04
3.370000000000000000e+04
2.044100000000000000e+04
2.238400000000000000e+04
7.391300000000000000e+04
3.332700000000000000e+04
1.599400000000000000e+04
4.357160000000000000e+05
3.147700000000000000e+04
2.356440000000000000e+05
9.802000000000000000e+04
1.483900000000000000e+04
4.761700000000000000e+04
1.357510000000000000e+05
1.184300000000000000e+04
2.676000000000000000e+04
3.916600000000000000e+04
3.843200000000000000e+05
1.563250000000000000e+05
2.344700000000000000e+04
2.240600000000000000e+04
1.324880000000000000e+05
8.669000000000000000e+03
2.074000000000000000e+04
2.419900000000000000e+04
4.440900000000000000e+04
5.274500000000000000e+04
1.061900000000000000e+04
2.163800000000000000e+04
4.374500000000000000e+04
8.370900000000000000e+04
5.331500000000000000e+04
5.316200000000000000e+04
2.458290000000000000e+05
1.270490000000000000e+05
4.830000000000000000e+03
1.133280000000000000e+05
2.253900000000000000e+04
5.961600000000000000e+04
5.213200000000000000e+04
4.628600000000000000e+04
4.033300000000000000e+04
2.508500000000000000e+04
1.152500000000000000e+04
1.540600000000000000e+04
1.474300000000000000e+04
1.074400000000000000e+05
6.944700000000000000e+04
2.877970000000000000e+05
3.029600000000000000e+04
5.469600000000000000e+04
1.211120000000000000e+05
3.967600000000000000e+04
3.417000000000000000e+04
5.723800000000000000e+04
1.534140000000000000e+05
1.702600000000000000e+04
3.504500000000000000e+04
5.116300000000000000e+04
3.905100000000000000e+04
3.180800000000000000e+04
2.007100000000000000e+05
7.295200000000000000e+04
5.601330000000000000e+05
8.269250000000000000e+05
9.061300000000000000e+04
3.253800000000000000e+04
1.678300000000000000e+05
1.023830000000000000e+05
1.547470000000000000e+05
3.257800000000000000e+04
2.436750000000000000e+05
2.967900000000000000e+04
2.501050000000000000e+05
3.092840000000000000e+05
1.982000000000000000e+04
1.030447000000000000e+06
9.044300000000000000e+05
4.880400000000000000e+04
1.103820000000000000e+05
2.585900000000000000e+04
3.764300000000000000e+04
1.495730000000000000e+05
1.015390000000000000e+05
5.167500000000000000e+04
6.227930000000000000e+05
2.149140000000000000e+05
1.287150000000000000e+05
5.541940000000000000e+05
1.735600000000000000e+04
7.690910000000000000e+05
7.086200000000000000e+04
4.681610000000000000e+05
1.609390000000000000e+05
1.570315000000000000e+06
1.085600000000000000e+04
6.922540000000000000e+05
5.070220000000000000e+05
7.672540000000000000e+05
8.134750000000000000e+05
1.045400000000000000e+04
9.459000000000000000e+03
1.138470000000000000e+05
2.898800000000000000e+04
2.326700000000000000e+04
1.535300000000000000e+04
8.654000000000000000e+03
5.928100000000000000e+04
1.061790000000000000e+05
1.751900000000000000e+04
1.552330000000000000e+05
4.354500000000000000e+04
1.348780000000000000e+05
5.160800000000000000e+04
2.612100000000000000e+04
2.567500000000000000e+04
3.832100000000000000e+04
3.065200000000000000e+04
7.729700000000000000e+04
1.374500000000000000e+04
3.655900000000000000e+04
2.595700000000000000e+04
1.085790000000000000e+05
3.320400000000000000e+04
4.128950000000000000e+05
2.541100000000000000e+04
1.573700000000000000e+04
9.078200000000000000e+04
4.166500000000000000e+04
4.583000000000000000e+04
3.649500000000000000e+04
3.206500000000000000e+04
2.845820000000000000e+05
6.429400000000000000e+04
2.542000000000000000e+04
1.138700000000000000e+04
7.061600000000000000e+04
1.597410000000000000e+05
2.588180000000000000e+05
1.739400000000000000e+04
6.292370000000000000e+05
2.217000000000000000e+03
1.134100000000000000e+04
8.815300000000000000e+04
2.191500000000000000e+04
9.904700000000000000e+04
1.855960000000000000e+05
6.426000000000000000e+03
1.104200000000000000e+04
8.601120000000000000e+05
2.442000000000000000e+04
6.767600000000000000e+04
2.882400000000000000e+04
4.318600000000000000e+04
2.371400000000000000e+04
8.342700000000000000e+04
1.503700000000000000e+04
1.498240000000000000e+05
6.289300000000000000e+04
9.300000000000000000e+03
1.723440000000000000e+05
4.790000000000000000e+04
1.237868000000000000e+06
2.622100000000000000e+04
2.103900000000000000e+04
6.172000000000000000e+03
2.316900000000000000e+04
8.371000000000000000e+03
2.415800000000000000e+04
2.762920000000000000e+05
1.300400000000000000e+04
2.395500000000000000e+04
1.950120000000000000e+05
1.600780000000000000e+05
6.094600000000000000e+04
4.158700000000000000e+04
8.171000000000000000e+03
6.893300000000000000e+04
5.400000000000000000e+04
7.519900000000000000e+04
3.568740000000000000e+05
1.764804000000000000e+06
3.288600000000000000e+04
1.577100000000000000e+04
3.418640000000000000e+05
3.325900000000000000e+04
4.566400000000000000e+04
3.950600000000000000e+04
5.127000000000000000e+03
6.538500000000000000e+04
2.529200000000000000e+04
3.557100000000000000e+04
9.733800000000000000e+04
2.855900000000000000e+04
1.211000000000000000e+04
5.402500000000000000e+04
6.128600000000000000e+04
8.791000000000000000e+03
5.233000000000000000e+03
1.163300000000000000e+04
6.326500000000000000e+04
4.125290000000000000e+05
2.035300000000000000e+04
3.679000000000000000e+04
1.419200000000000000e+04
2.077600000000000000e+04
3.084000000000000000e+04
4.642300000000000000e+04
5.956000000000000000e+03
1.212064000000000000e+06
1.873800000000000000e+04
2.057300000000000000e+04
3.841300000000000000e+04
4.558900000000000000e+04
1.026900000000000000e+04
1.593000000000000000e+04
4.228500000000000000e+04
4.435000000000000000e+03
1.285600000000000000e+04
6.891000000000000000e+03
1.068000000000000000e+04
3.918000000000000000e+03
2.777000000000000000e+04
5.788000000000000000e+03
2.566500000000000000e+04
3.588200000000000000e+04
5.505000000000000000e+03
9.417000000000000000e+03
2.022000000000000000e+04
2.310700000000000000e+04
2.588400000000000000e+04
3.281000000000000000e+04
3.932300000000000000e+04
8.470000000000000000e+03
3.309300000000000000e+04
2.159000000000000000e+04
6.639000000000000000e+03
1.502870000000000000e+05
5.763500000000000000e+04
1.405800000000000000e+04
2.909500000000000000e+04
9.281000000000000000e+03
3.170400000000000000e+04
1.098400000000000000e+04
5.326550000000000000e+05
4.043000000000000000e+03
1.551500000000000000e+04
1.502500000000000000e+04
6.515100000000000000e+04
9.553000000000000000e+03
1.567900000000000000e+04
2.009490000000000000e+05
1.396720000000000000e+05
9.112600000000000000e+04
1.491800000000000000e+04
1.529120000000000000e+05
3.657300000000000000e+04
9.800000000000000000e+03
9.436000000000000000e+03
2.426400000000000000e+04
3.387000000000000000e+03
2.136200000000000000e+04
1.375700000000000000e+04
1.902500000000000000e+04
2.492830000000000000e+05
1.108300000000000000e+04
6.495000000000000000e+03
5.109700000000000000e+04
1.299180000000000000e+05
1.010900000000000000e+04
3.173700000000000000e+04
3.738000000000000000e+04
1.262900000000000000e+04
1.916300000000000000e+04
8.296000000000000000e+03
3.376800000000000000e+04
1.474500000000000000e+04
1.025400000000000000e+04
1.731300000000000000e+04
8.294000000000000000e+03
9.080000000000000000e+03
1.629900000000000000e+04
2.022500000000000000e+04
2.480700000000000000e+04
2.879700000000000000e+04
1.944200000000000000e+04
1.709130000000000000e+05
7.633000000000000000e+04
7.833000000000000000e+03
2.330300000000000000e+04
1.432600000000000000e+04
2.166600000000000000e+04
4.594900000000000000e+04
1.990580000000000000e+05
2.437290000000000000e+05
1.845900000000000000e+04
8.741000000000000000e+03
1.397000000000000000e+03
2.352700000000000000e+04
1.411370000000000000e+05
1.660100000000000000e+04
7.599000000000000000e+03
1.182200000000000000e+04
6.829000000000000000e+04
1.016300000000000000e+04
5.293000000000000000e+04
6.009900000000000000e+04
7.973900000000000000e+04
1.250200000000000000e+04
2.319300000000000000e+04
8.524600000000000000e+04
3.142200000000000000e+04
3.477500000000000000e+04
5.973000000000000000e+04
1.016880000000000000e+05
2.586800000000000000e+04
3.623400000000000000e+04
3.600300000000000000e+04
1.040000000000000000e+04
2.946500000000000000e+04
2.183200000000000000e+04
1.111500000000000000e+04
4.941400000000000000e+04
3.444400000000000000e+04
5.522400000000000000e+04
1.222700000000000000e+04
4.005800000000000000e+04
3.095000000000000000e+04
2.542800000000000000e+04
7.678000000000000000e+03
1.480700000000000000e+05
2.846100000000000000e+04
4.647000000000000000e+03
2.746300000000000000e+04
1.618800000000000000e+04
1.787500000000000000e+04
2.749600000000000000e+04
1.476100000000000000e+04
2.820400000000000000e+04
2.203900000000000000e+04
1.942000000000000000e+04
1.059800000000000000e+04
2.809700000000000000e+04
1.485900000000000000e+04
4.798300000000000000e+04
4.895800000000000000e+04
2.049000000000000000e+04
9.972000000000000000e+03
9.191000000000000000e+03
1.847800000000000000e+04
1.227600000000000000e+04
2.781700000000000000e+04
2.560200000000000000e+04
1.737900000000000000e+04
5.382000000000000000e+03
2.588700000000000000e+04
3.566200000000000000e+04
1.205700000000000000e+04
1.658400000000000000e+04
1.880600000000000000e+04
1.239400000000000000e+04
1.727170000000000000e+05
8.948600000000000000e+04
4.297200000000000000e+04
9.034000000000000000e+03
4.475000000000000000e+04
4.402100000000000000e+04
7.804300000000000000e+04
9.043000000000000000e+03
6.258000000000000000e+03
1.008890000000000000e+05
1.395200000000000000e+04
7.694000000000000000e+03
8.210100000000000000e+04
6.917000000000000000e+03
2.336820000000000000e+05
2.029900000000000000e+04
7.655700000000000000e+04
1.758500000000000000e+04
2.465000000000000000e+04
7.628000000000000000e+03
1.638900000000000000e+04
8.297000000000000000e+03
1.269200000000000000e+04
1.565500000000000000e+04
1.354600000000000000e+04
3.134400000000000000e+04
1.020840000000000000e+05
1.486600000000000000e+04
6.826000000000000000e+03
2.858650000000000000e+05
1.019700000000000000e+04
8.639000000000000000e+03
2.202800000000000000e+04
9.219000000000000000e+03
4.516000000000000000e+03
1.015900000000000000e+04
4.017300000000000000e+04
1.026700000000000000e+04
6.831910000000000000e+05
1.175430000000000000e+05
2.227160000000000000e+05
5.436200000000000000e+04
4.000000000000000000e+03
3.543900000000000000e+04
3.268800000000000000e+04
3.802300000000000000e+04
1.013800000000000000e+04
5.424900000000000000e+04
1.231100000000000000e+04
1.505300000000000000e+04
2.280000000000000000e+04
1.547900000000000000e+04
1.236800000000000000e+04
9.013000000000000000e+03
2.892000000000000000e+04
3.719000000000000000e+03
2.514100000000000000e+04
1.423200000000000000e+04
1.585600000000000000e+04
8.707000000000000000e+03
1.184100000000000000e+04
2.024000000000000000e+04
1.827200000000000000e+04
5.859800000000000000e+04
2.308100000000000000e+04
1.091100000000000000e+04
1.370300000000000000e+04
9.492000000000000000e+03
1.765000000000000000e+04
1.920200000000000000e+04
4.222500000000000000e+04
4.484700000000000000e+04
1.854100000000000000e+04
9.478800000000000000e+04
3.105400000000000000e+04
5.343600000000000000e+04
4.829000000000000000e+03
1.025500000000000000e+04
2.507200000000000000e+04
2.294900000000000000e+04
6.565000000000000000e+03
1.396900000000000000e+04
3.794930000000000000e+05
9.457000000000000000e+03
1.791400000000000000e+04
6.596000000000000000e+04
1.001876000000000000e+06
2.334700000000000000e+04
4.370000000000000000e+03
4.863000000000000000e+03
3.890300000000000000e+04
8.329000000000000000e+03
6.108000000000000000e+03
2.986700000000000000e+04
3.110400000000000000e+04
6.411000000000000000e+03
5.423000000000000000e+04
2.564200000000000000e+04
2.100100000000000000e+04
3.325300000000000000e+04
2.507700000000000000e+04
1.345200000000000000e+04
3.688800000000000000e+04
2.073000000000000000e+03
1.829100000000000000e+04
3.174190000000000000e+05
9.345000000000000000e+03
1.328200000000000000e+04
6.619000000000000000e+03
5.667000000000000000e+03
1.039900000000000000e+04
1.169000000000000000e+03
8.234400000000000000e+04
5.894000000000000000e+03
1.209200000000000000e+04
1.793000000000000000e+03
9.518000000000000000e+03
9.150000000000000000e+03
3.108000000000000000e+03
1.144200000000000000e+04
9.492400000000000000e+04
9.730800000000000000e+04
1.309000000000000000e+03
1.369600000000000000e+04
8.520000000000000000e+02
3.209000000000000000e+03
1.659600000000000000e+04
1.155800000000000000e+04
1.991000000000000000e+03
2.909900000000000000e+04
6.585600000000000000e+04
2.359000000000000000e+03
1.912500000000000000e+04
1.694000000000000000e+03
7.820000000000000000e+03
1.853000000000000000e+03
4.257000000000000000e+03
1.126840000000000000e+05
4.589000000000000000e+03
1.588000000000000000e+04
4.850000000000000000e+02
4.192000000000000000e+03
6.219000000000000000e+03
1.783000000000000000e+03
6.909000000000000000e+03
1.148000000000000000e+03
4.103000000000000000e+04
1.157600000000000000e+04
1.133200000000000000e+04
9.326000000000000000e+03
1.136400000000000000e+04
3.696000000000000000e+03
3.468000000000000000e+04
9.290000000000000000e+03
3.665000000000000000e+03
6.064000000000000000e+03
5.150000000000000000e+03
6.920000000000000000e+02
7.640000000000000000e+03
2.102000000000000000e+03
1.121000000000000000e+03
1.556340000000000000e+05
3.145700000000000000e+04
6.398000000000000000e+03
4.530000000000000000e+02
7.640000000000000000e+02
5.040000000000000000e+02
5.353000000000000000e+03
1.134000000000000000e+04
2.033000000000000000e+03
2.941000000000000000e+03
4.822400000000000000e+04
6.573000000000000000e+03
8.249000000000000000e+03
2.552400000000000000e+04
8.610000000000000000e+03
3.978000000000000000e+03
5.762000000000000000e+03
1.014800000000000000e+04
6.315000000000000000e+03
1.050400000000000000e+04
9.027000000000000000e+03
1.072800000000000000e+04
2.085000000000000000e+04
9.042000000000000000e+03
2.409600000000000000e+04
1.940000000000000000e+03
5.782000000000000000e+03
3.674400000000000000e+04
5.432440000000000000e+05
1.886000000000000000e+03
5.661000000000000000e+03
3.076000000000000000e+03
2.705000000000000000e+03
4.888000000000000000e+03
2.166300000000000000e+04
1.911000000000000000e+03
2.003000000000000000e+03
1.970000000000000000e+03
6.190000000000000000e+02
2.482000000000000000e+03
6.149200000000000000e+04
9.135000000000000000e+03
3.492000000000000000e+03
9.330000000000000000e+02
2.901000000000000000e+03
1.040300000000000000e+04
7.280000000000000000e+02
6.362000000000000000e+03
7.335000000000000000e+03
5.185000000000000000e+03
6.644000000000000000e+03
8.121000000000000000e+03
8.100000000000000000e+02
3.713000000000000000e+03
8.482000000000000000e+03
3.017950000000000000e+05
3.581500000000000000e+04
7.500000000000000000e+02
5.880000000000000000e+02
4.980000000000000000e+02
3.517400000000000000e+04
7.766000000000000000e+03
4.862000000000000000e+03
3.570000000000000000e+03
7.175000000000000000e+03
4.369000000000000000e+03
1.579700000000000000e+04
2.702000000000000000e+03
2.891000000000000000e+03
9.187000000000000000e+03
7.202000000000000000e+03
3.266600000000000000e+04
5.271000000000000000e+03
1.086700000000000000e+04
8.128000000000000000e+03
1.443000000000000000e+03
1.425200000000000000e+04
1.721930000000000000e+05
2.091900000000000000e+04
3.646500000000000000e+04
1.715000000000000000e+04
5.259000000000000000e+03
3.074000000000000000e+03
1.303000000000000000e+03
6.069000000000000000e+03
5.230000000000000000e+03
6.870000000000000000e+02
6.969000000000000000e+03
4.204000000000000000e+03
2.025800000000000000e+04
9.431000000000000000e+03
3.658000000000000000e+03
7.660000000000000000e+02
1.391700000000000000e+04
2.398900000000000000e+04
2.069681000000000000e+06
4.753600000000000000e+04
5.276600000000000000e+04
8.220000000000000000e+02
2.018000000000000000e+03
1.727900000000000000e+04
6.009000000000000000e+03
5.184000000000000000e+03
5.178900000000000000e+04
4.500000000000000000e+03
4.228200000000000000e+04
6.698000000000000000e+03
3.912000000000000000e+03
4.400780000000000000e+05
1.003400000000000000e+04
5.452200000000000000e+04
6.030500000000000000e+04
4.739900000000000000e+04
7.611500000000000000e+04
3.165300000000000000e+04
8.965800000000000000e+04
4.051840000000000000e+05
1.471710000000000000e+05
3.006210000000000000e+05
1.256040000000000000e+05
4.310300000000000000e+04
2.752090000000000000e+05
9.335720000000000000e+05
4.497220000000000000e+05
5.110380000000000000e+05
9.534400000000000000e+04
1.573890000000000000e+05
7.957230000000000000e+05
2.909510000000000000e+05
6.691150000000000000e+05
1.260670000000000000e+05
3.715370000000000000e+05
8.362970000000000000e+05
6.292790000000000000e+05
4.997270000000000000e+05
5.863010000000000000e+05
5.088560000000000000e+05
6.471500000000000000e+04
3.325680000000000000e+05
1.449090000000000000e+05
5.529390000000000000e+05
1.069170000000000000e+05
6.755510000000000000e+05
3.556000000000000000e+03
6.587800000000000000e+04
2.734900000000000000e+04
1.268000000000000000e+04
5.096900000000000000e+04
1.825000000000000000e+03
2.136760000000000000e+05
5.639500000000000000e+04
2.909600000000000000e+04
4.468000000000000000e+03
6.830000000000000000e+02
4.560000000000000000e+03
6.999900000000000000e+04
1.970600000000000000e+04
1.768200000000000000e+04
2.467300000000000000e+04
7.409800000000000000e+04
4.592000000000000000e+03
6.508200000000000000e+04
8.501000000000000000e+03
3.977700000000000000e+04
1.953600000000000000e+04
1.376080000000000000e+05
1.237850000000000000e+05
2.823900000000000000e+04
1.481640000000000000e+05
1.132500000000000000e+04
1.731000000000000000e+04
3.308400000000000000e+04
1.561100000000000000e+04
4.297000000000000000e+03
7.581700000000000000e+04
3.081710000000000000e+05
4.773600000000000000e+04
1.438159000000000000e+06
1.973490000000000000e+05
7.860000000000000000e+04
7.882300000000000000e+04
1.320530000000000000e+05
8.777000000000000000e+04
4.942600000000000000e+04
8.163200000000000000e+04
6.212200000000000000e+04
4.902400000000000000e+04
4.658100000000000000e+04
2.965790000000000000e+05
9.228350000000000000e+05
3.867900000000000000e+04
5.126200000000000000e+04
5.410500000000000000e+04
5.916200000000000000e+04
4.796700000000000000e+04
4.715000000000000000e+03
6.374400000000000000e+04
1.191030000000000000e+05
2.621793000000000000e+06
2.722000000000000000e+04
6.458600000000000000e+04
7.236900000000000000e+04
7.498570000000000000e+05
4.977900000000000000e+04
1.358627000000000000e+06
1.636268000000000000e+06
2.135250000000000000e+05
2.328710000000000000e+05
4.681960000000000000e+05
1.097070000000000000e+05
3.760990000000000000e+05
4.198400000000000000e+04
1.209130000000000000e+05
6.112800000000000000e+04
9.948700000000000000e+04
2.321580000000000000e+06
1.597740000000000000e+05
4.732790000000000000e+05
3.238660000000000000e+05
1.114000000000000000e+05
2.249210000000000000e+05
1.557350000000000000e+05
3.156600000000000000e+04
1.847900000000000000e+04
3.488400000000000000e+04
9.839400000000000000e+04
1.502968000000000000e+06
7.594300000000000000e+04
4.987000000000000000e+04
1.046910000000000000e+05
1.804450000000000000e+05
6.497300000000000000e+04
6.237200000000000000e+04
9.205100000000000000e+04
9.726340000000000000e+05
4.118800000000000000e+04
2.520800000000000000e+04
1.557920000000000000e+05
3.739200000000000000e+04
1.087900000000000000e+04
2.576500000000000000e+04
2.712600000000000000e+04
1.777300000000000000e+04
4.758500000000000000e+04
2.010600000000000000e+04
3.465700000000000000e+04
1.188360000000000000e+05
2.505390000000000000e+05
8.948600000000000000e+04
1.921030000000000000e+05
8.148400000000000000e+04
1.033100000000000000e+04
6.881100000000000000e+04
2.308200000000000000e+04
1.545340000000000000e+05
6.869800000000000000e+04
2.714100000000000000e+04
1.457200000000000000e+04
1.058100000000000000e+04
9.707600000000000000e+04
5.695300000000000000e+04
1.045100000000000000e+05
3.263280000000000000e+05
2.497600000000000000e+04
3.510400000000000000e+04
1.640720000000000000e+05
4.143400000000000000e+04
5.988200000000000000e+04
2.944600000000000000e+05
5.493300000000000000e+04
3.652980000000000000e+05
6.286000000000000000e+04
2.111270000000000000e+05
1.156700000000000000e+04
8.644000000000000000e+03
5.850000000000000000e+04
2.109300000000000000e+04
5.121190000000000000e+05
5.297000000000000000e+04
1.266660000000000000e+05
5.947100000000000000e+04
1.111490000000000000e+05
2.430800000000000000e+04
5.161100000000000000e+04
5.676000000000000000e+03
1.666750000000000000e+05
4.098100000000000000e+04
1.814230000000000000e+05
1.007600000000000000e+04
5.966200000000000000e+04
5.848500000000000000e+04
7.982900000000000000e+04
4.496500000000000000e+04
3.387500000000000000e+04
2.115700000000000000e+04
2.345400000000000000e+04
1.012539000000000000e+06
1.531100000000000000e+04
2.739500000000000000e+04
9.307700000000000000e+04
9.435700000000000000e+04
2.162980000000000000e+05
2.046300000000000000e+04
1.875890000000000000e+05
1.404200000000000000e+05
1.294800000000000000e+04
3.978700000000000000e+04
5.625000000000000000e+04
1.346600000000000000e+04
3.913200000000000000e+04
1.753540000000000000e+05
2.035700000000000000e+04
1.427780000000000000e+05
4.573300000000000000e+04
1.347600000000000000e+05
9.169600000000000000e+04
1.386300000000000000e+05
6.660000000000000000e+04
6.405000000000000000e+04
3.557600000000000000e+04
6.060000000000000000e+04
4.641900000000000000e+04
7.296800000000000000e+04
1.427400000000000000e+04
3.304500000000000000e+04
4.115000000000000000e+03
2.185680000000000000e+05
4.461400000000000000e+04
9.986910000000000000e+05
2.023100000000000000e+04
1.257000000000000000e+04
5.256000000000000000e+04
1.244560000000000000e+05
6.883800000000000000e+04
8.140100000000000000e+04
3.779200000000000000e+04
1.761400000000000000e+04
2.384000000000000000e+03
1.114400000000000000e+04
6.833000000000000000e+03
9.010000000000000000e+02
6.650000000000000000e+03
3.247000000000000000e+03
2.245000000000000000e+03
9.050300000000000000e+04
1.670050000000000000e+05
3.855000000000000000e+03
5.150000000000000000e+03
2.432000000000000000e+03
4.399000000000000000e+03
2.377000000000000000e+03
3.422000000000000000e+03
3.362000000000000000e+03
1.825000000000000000e+03
7.013800000000000000e+04
2.361000000000000000e+03
2.319000000000000000e+03
2.660000000000000000e+03
2.424000000000000000e+03
4.149000000000000000e+03
1.944000000000000000e+03
5.988000000000000000e+03
2.801000000000000000e+03
1.099600000000000000e+04
9.578000000000000000e+03
8.746000000000000000e+03
2.982200000000000000e+04
9.782000000000000000e+03
3.045000000000000000e+03
1.850000000000000000e+03
7.128000000000000000e+03
4.404000000000000000e+03
1.156400000000000000e+04
5.446000000000000000e+03
2.587000000000000000e+03
1.643200000000000000e+04
1.461600000000000000e+04
3.931000000000000000e+03
1.326000000000000000e+03
4.422000000000000000e+03
7.650000000000000000e+02
3.037200000000000000e+04
1.955000000000000000e+03
2.112900000000000000e+04
2.310000000000000000e+03
8.082000000000000000e+03
1.097000000000000000e+04
6.938400000000000000e+04
4.192000000000000000e+03
3.213000000000000000e+04
2.812900000000000000e+04
1.050400000000000000e+05
5.303500000000000000e+04
9.917500000000000000e+04
6.471300000000000000e+04
4.584100000000000000e+04
6.946100000000000000e+04
4.411600000000000000e+04
3.741580000000000000e+05
2.818700000000000000e+04
3.912800000000000000e+04
1.365540000000000000e+05
2.015600000000000000e+05
4.183500000000000000e+04
1.056860000000000000e+05
3.651600000000000000e+04
4.248000000000000000e+04
1.259828000000000000e+06
5.219600000000000000e+04
3.851000000000000000e+04
1.891130000000000000e+05
7.582800000000000000e+04
1.503810000000000000e+05
2.880000000000000000e+04
1.231393000000000000e+06
4.258000000000000000e+04
3.039700000000000000e+04
9.429500000000000000e+04
1.638200000000000000e+05
3.959000000000000000e+04
8.066310000000000000e+05
7.533700000000000000e+04
3.179600000000000000e+04
1.554300000000000000e+04
2.793700000000000000e+04
4.304500000000000000e+04
2.872500000000000000e+04
4.389800000000000000e+04
5.871400000000000000e+04
3.274800000000000000e+04
6.769400000000000000e+04
6.116700000000000000e+04
2.292300000000000000e+05
6.162300000000000000e+04
1.693900000000000000e+05
4.550700000000000000e+04
3.042160000000000000e+05
4.352860000000000000e+05
4.391800000000000000e+04
2.332040000000000000e+05
6.572000000000000000e+04
1.760290000000000000e+05
2.333100000000000000e+04
4.083100000000000000e+04
1.039000000000000000e+05
1.446500000000000000e+04
5.331160000000000000e+05
1.484300000000000000e+04
3.515200000000000000e+04
8.581800000000000000e+04
1.436300000000000000e+04
4.115400000000000000e+04
1.898900000000000000e+04
3.581200000000000000e+04
5.687600000000000000e+04
2.825600000000000000e+04
1.618820000000000000e+05
4.158600000000000000e+04
3.417100000000000000e+04
1.219420000000000000e+05
7.715900000000000000e+04
6.017900000000000000e+04
7.725800000000000000e+04
5.566900000000000000e+04
4.895100000000000000e+04
3.757360000000000000e+05
5.419430000000000000e+05
2.051750000000000000e+05
9.278800000000000000e+04
5.377600000000000000e+04
2.846200000000000000e+04
1.323400000000000000e+04
2.216590000000000000e+05
6.121300000000000000e+04
1.155370000000000000e+05
3.729100000000000000e+04
1.295900000000000000e+05
2.235300000000000000e+04
2.218600000000000000e+04
5.790000000000000000e+03
1.379600000000000000e+04
5.486000000000000000e+03
2.369100000000000000e+04
9.917000000000000000e+03
4.448600000000000000e+04
2.931700000000000000e+04
1.295820000000000000e+05
4.882100000000000000e+04
4.834100000000000000e+04
1.516100000000000000e+04
2.294000000000000000e+03
2.699080000000000000e+05
5.807000000000000000e+03
1.250330000000000000e+05
6.150000000000000000e+03
1.458200000000000000e+04
7.063200000000000000e+04
2.950000000000000000e+04
4.144600000000000000e+04
4.914000000000000000e+03
4.150000000000000000e+03
6.309100000000000000e+04
2.756100000000000000e+04
5.385400000000000000e+04
4.501000000000000000e+03
6.151000000000000000e+03
2.798000000000000000e+03
3.812000000000000000e+03
1.289600000000000000e+04
1.380600000000000000e+04
2.599800000000000000e+04
6.292000000000000000e+03
1.110300000000000000e+04
4.547800000000000000e+04
1.553200000000000000e+04
9.336000000000000000e+03
1.069300000000000000e+04
4.976100000000000000e+04
3.461900000000000000e+04
4.527600000000000000e+04
9.773000000000000000e+03
3.731300000000000000e+04
3.305000000000000000e+04
2.008800000000000000e+04
7.750000000000000000e+03
1.618200000000000000e+04
4.081600000000000000e+04
1.380300000000000000e+04
6.996600000000000000e+04
1.149400000000000000e+04
1.052400000000000000e+04
1.218600000000000000e+04
7.662150000000000000e+05
3.909500000000000000e+04
4.798100000000000000e+04
3.210500000000000000e+04
1.640100000000000000e+04
8.026400000000000000e+04
4.462600000000000000e+04
3.800500000000000000e+04
7.181100000000000000e+04
1.112500000000000000e+04
3.761000000000000000e+03
8.981500000000000000e+04
2.542100000000000000e+04
4.135800000000000000e+04
4.449300000000000000e+04
2.185300000000000000e+04
7.628000000000000000e+03
6.295980000000000000e+05
7.570200000000000000e+04
5.193700000000000000e+04
1.154700000000000000e+04
9.288000000000000000e+03
2.152900000000000000e+04
1.605900000000000000e+04
8.631600000000000000e+04
3.949720000000000000e+05
3.747400000000000000e+04
4.945900000000000000e+04
6.247500000000000000e+04
2.099800000000000000e+04
2.233500000000000000e+04
1.703880000000000000e+05
1.069720000000000000e+05
1.932000000000000000e+03
7.180000000000000000e+03
7.126000000000000000e+03
2.288500000000000000e+04
2.102870000000000000e+05
2.219200000000000000e+04
8.359900000000000000e+04
6.545500000000000000e+04
7.838000000000000000e+03
3.583370000000000000e+05
4.640600000000000000e+04
1.193560000000000000e+05
3.035900000000000000e+04
3.261100000000000000e+05
1.118700000000000000e+04
7.767120000000000000e+05
7.791600000000000000e+04
1.710000000000000000e+03
2.534200000000000000e+04
7.670500000000000000e+04
2.569100000000000000e+04
6.820000000000000000e+03
2.551500000000000000e+04
5.629980000000000000e+05
1.375000000000000000e+03
1.017580000000000000e+05
1.017140000000000000e+05
1.231255000000000000e+06
6.778500000000000000e+04
1.693920000000000000e+05
4.894600000000000000e+04
4.136910000000000000e+05
1.259550000000000000e+05
6.178400000000000000e+04
6.266850000000000000e+05
1.859430000000000000e+05
1.377320000000000000e+05
4.805000000000000000e+03
6.444100000000000000e+04
1.587420000000000000e+05
5.127840000000000000e+05
3.882100000000000000e+04
8.119100000000000000e+04
3.974500000000000000e+04
6.712200000000000000e+04
8.717500000000000000e+04
2.437620000000000000e+05
2.714530000000000000e+05
5.629600000000000000e+05
3.119400000000000000e+04
2.784430000000000000e+05
1.340860000000000000e+05
7.518000000000000000e+03
1.528920000000000000e+05
1.463200000000000000e+04
3.784300000000000000e+04
4.575000000000000000e+04
8.770600000000000000e+04
4.463800000000000000e+04
2.479600000000000000e+04
2.127190000000000000e+05
5.333200000000000000e+05
8.877100000000000000e+04
1.363590000000000000e+05
3.578230000000000000e+05
3.188290000000000000e+05
1.165080000000000000e+05
4.255400000000000000e+04
1.148840000000000000e+05
4.655200000000000000e+04
1.663140000000000000e+05
8.168570000000000000e+05
1.864100000000000000e+04
3.006540000000000000e+05
9.394400000000000000e+04
4.563400000000000000e+04
1.560297000000000000e+06
5.619100000000000000e+04
1.720600000000000000e+04
1.457970000000000000e+05
4.032300000000000000e+04
7.621800000000000000e+04
6.339000000000000000e+03
4.192000000000000000e+04
4.227400000000000000e+04
4.487400000000000000e+04
5.352900000000000000e+04
4.070300000000000000e+04
2.081870000000000000e+05
5.140100000000000000e+04
3.593200000000000000e+05
2.813100000000000000e+04
4.407550000000000000e+05
4.906000000000000000e+04
1.651280000000000000e+05
8.235800000000000000e+04
6.319740000000000000e+05
1.266530000000000000e+05
2.496500000000000000e+04
1.647530000000000000e+05
9.695000000000000000e+03
1.928100000000000000e+05
1.518200000000000000e+04
2.195900000000000000e+04
1.758520000000000000e+05
1.982050000000000000e+05
1.487800000000000000e+04
3.810150000000000000e+05
5.602400000000000000e+04
3.233700000000000000e+04
4.612500000000000000e+04
3.411300000000000000e+04
3.777100000000000000e+04
6.779900000000000000e+04
3.112700000000000000e+04
1.484690000000000000e+05
2.655300000000000000e+04
2.297600000000000000e+04
1.392310000000000000e+05
6.077300000000000000e+04
4.827520000000000000e+05
6.952000000000000000e+04
2.040500000000000000e+04
2.988320000000000000e+05
2.717000000000000000e+04
6.316100000000000000e+04
8.316000000000000000e+04
6.653300000000000000e+04
1.834300000000000000e+04
2.778880000000000000e+05
9.846000000000000000e+03
3.193300000000000000e+04
2.792400000000000000e+04
3.778300000000000000e+04
7.519200000000000000e+04
9.009000000000000000e+04
1.203680000000000000e+05
4.015660000000000000e+05
2.002600000000000000e+04
2.935420000000000000e+05
1.079190000000000000e+05
2.787600000000000000e+04
3.269500000000000000e+04
2.453460000000000000e+05
2.745000000000000000e+03
1.816900000000000000e+04
3.430000000000000000e+03
7.023000000000000000e+03
3.331400000000000000e+04
3.840800000000000000e+04
5.309000000000000000e+03
2.077000000000000000e+03
1.029800000000000000e+04
1.386000000000000000e+03
9.287000000000000000e+03
3.645000000000000000e+03
1.393200000000000000e+04
2.793800000000000000e+04
4.182000000000000000e+03
8.445000000000000000e+03
1.988500000000000000e+04
5.588000000000000000e+03
4.312000000000000000e+03
5.662000000000000000e+03
2.973000000000000000e+03
3.983000000000000000e+03
6.845000000000000000e+03
2.357000000000000000e+03
7.241000000000000000e+03
4.217000000000000000e+03
1.847000000000000000e+03
5.989000000000000000e+03
3.345000000000000000e+03
3.419000000000000000e+03
1.250000000000000000e+03
1.764200000000000000e+04
7.200000000000000000e+03
1.396000000000000000e+03
3.274000000000000000e+03
2.007000000000000000e+03
9.750000000000000000e+02
5.075000000000000000e+03
1.236800000000000000e+04
2.465700000000000000e+04
5.154800000000000000e+04
3.877000000000000000e+03
5.649000000000000000e+03
2.429000000000000000e+03
4.683000000000000000e+03
2.695100000000000000e+04
2.100000000000000000e+03
2.316000000000000000e+03
1.828820000000000000e+05
6.367000000000000000e+03
1.082420000000000000e+05
3.033000000000000000e+03
2.340000000000000000e+03
1.037400000000000000e+04
2.336000000000000000e+03
1.421800000000000000e+04
6.598000000000000000e+03
2.983000000000000000e+03
1.438000000000000000e+03
9.882000000000000000e+03
5.512000000000000000e+03
8.272000000000000000e+03
1.502900000000000000e+04
5.511000000000000000e+03
2.268400000000000000e+04
2.826000000000000000e+03
7.552800000000000000e+04
4.662700000000000000e+04
1.614500000000000000e+04
1.393100000000000000e+04
1.263390000000000000e+05
1.029750000000000000e+05
3.991800000000000000e+04
1.375700000000000000e+04
2.837000000000000000e+04
5.688600000000000000e+04
3.976400000000000000e+04
1.737900000000000000e+04
3.159200000000000000e+04
7.765000000000000000e+03
3.537400000000000000e+04
5.362300000000000000e+04
1.466800000000000000e+04
5.798500000000000000e+04
6.683470000000000000e+05
1.166600000000000000e+04
1.926800000000000000e+04
5.057500000000000000e+04
3.793500000000000000e+04
3.901100000000000000e+04
1.785500000000000000e+04
4.140200000000000000e+04
4.947200000000000000e+04
2.885300000000000000e+04
2.286400000000000000e+04
6.833500000000000000e+04
1.342500000000000000e+04
6.303600000000000000e+04
3.512200000000000000e+05
6.657000000000000000e+03
2.596500000000000000e+04
2.587000000000000000e+04
5.673500000000000000e+04
1.818500000000000000e+04
2.800900000000000000e+04
3.220400000000000000e+04
2.438400000000000000e+04
8.267000000000000000e+03
1.813500000000000000e+04
1.156800000000000000e+04
5.267700000000000000e+04
1.785900000000000000e+04
4.486440000000000000e+05
7.631000000000000000e+03
2.738200000000000000e+04
4.227400000000000000e+04
1.190600000000000000e+04
3.363700000000000000e+04
5.077100000000000000e+04
5.262600000000000000e+04
2.626700000000000000e+04
2.300300000000000000e+04
9.817800000000000000e+04
2.840700000000000000e+04
3.126900000000000000e+04
8.551500000000000000e+04
1.170100000000000000e+04
4.523300000000000000e+04
1.899610000000000000e+05
6.319000000000000000e+03
2.166000000000000000e+04
3.094100000000000000e+04
2.202800000000000000e+04
7.822000000000000000e+03
5.124000000000000000e+03
1.673000000000000000e+04
7.416500000000000000e+04
3.264100000000000000e+04
5.274800000000000000e+04
6.807900000000000000e+04
2.889060000000000000e+05
2.198700000000000000e+04
1.470400000000000000e+04
9.511000000000000000e+04
9.388030000000000000e+05
1.900900000000000000e+04
1.327900000000000000e+04
1.570470000000000000e+05
1.727060000000000000e+05
6.162300000000000000e+04
8.002000000000000000e+03
1.796300000000000000e+04
1.911300000000000000e+04
5.633000000000000000e+03
3.996900000000000000e+04
1.262420000000000000e+05
1.691300000000000000e+04
3.437300000000000000e+04
2.630100000000000000e+04
2.052260000000000000e+05
1.253760000000000000e+05
5.762700000000000000e+04
1.747700000000000000e+04
8.775000000000000000e+04
2.497200000000000000e+04
8.811000000000000000e+03
1.955000000000000000e+03
4.777400000000000000e+04
2.911400000000000000e+04
6.910000000000000000e+03
2.089200000000000000e+04
7.806900000000000000e+04
3.592000000000000000e+03
3.286300000000000000e+04
3.291400000000000000e+05
1.855866000000000000e+06
1.081200000000000000e+04
6.520000000000000000e+02
1.778000000000000000e+04
9.327500000000000000e+04
3.381240000000000000e+05
2.091520000000000000e+05
9.173000000000000000e+03
1.536000000000000000e+03
7.194000000000000000e+03
3.765300000000000000e+04
1.725300000000000000e+04
4.494300000000000000e+04
3.981000000000000000e+04
2.179700000000000000e+04
1.351300000000000000e+04
4.203920000000000000e+05
1.262100000000000000e+04
6.013000000000000000e+03
3.026100000000000000e+04
7.781000000000000000e+03
3.814500000000000000e+04
5.090200000000000000e+04
7.089000000000000000e+03
1.037000000000000000e+04
2.935000000000000000e+03
3.254000000000000000e+03
8.430000000000000000e+03
8.852410000000000000e+05
3.017000000000000000e+03
2.071900000000000000e+04
1.236940000000000000e+05
1.355000000000000000e+04
4.050000000000000000e+03
3.876100000000000000e+04
7.556200000000000000e+04
1.415000000000000000e+03
4.950000000000000000e+03
3.812000000000000000e+03
5.899000000000000000e+03
2.266000000000000000e+03
7.135000000000000000e+03
2.518638000000000000e+06
1.337200000000000000e+04
1.919500000000000000e+04
5.238000000000000000e+03
7.533630000000000000e+05
2.068400000000000000e+04
2.218000000000000000e+03
1.108900000000000000e+04
3.543000000000000000e+03
1.153300000000000000e+04
1.817600000000000000e+04
1.539040000000000000e+05
1.879000000000000000e+03
1.593170000000000000e+05
8.334870000000000000e+05
4.014700000000000000e+04
1.698900000000000000e+04
3.375200000000000000e+04
2.483300000000000000e+04
3.831000000000000000e+03
5.949000000000000000e+03
1.275000000000000000e+03
6.853450000000000000e+05
1.060000000000000000e+04
1.976200000000000000e+04
1.853100000000000000e+04
1.942500000000000000e+04
3.141980000000000000e+05
6.435000000000000000e+03
2.552000000000000000e+04
1.291000000000000000e+03
7.549000000000000000e+03
2.046200000000000000e+04
2.304400000000000000e+04
1.235340000000000000e+05
1.232040000000000000e+05
2.717200000000000000e+04
1.472500000000000000e+05
3.472000000000000000e+04
3.147000000000000000e+03
8.199000000000000000e+03
5.509000000000000000e+03
3.928000000000000000e+03
5.562100000000000000e+04
4.441370000000000000e+06
6.733600000000000000e+04
6.089000000000000000e+03
5.769000000000000000e+03
1.850250000000000000e+05
4.180000000000000000e+03
7.929000000000000000e+04
8.310730000000000000e+05
3.484800000000000000e+04
2.357700000000000000e+04
5.392100000000000000e+04
3.592100000000000000e+04
2.274100000000000000e+04
3.665100000000000000e+04
3.211000000000000000e+03
8.849300000000000000e+04
2.177300000000000000e+04
1.574000000000000000e+03
8.855000000000000000e+03
1.473900000000000000e+04
3.555200000000000000e+04
2.204000000000000000e+03
2.522350000000000000e+05
5.255000000000000000e+03
4.135300000000000000e+04
1.574560000000000000e+05
1.993600000000000000e+04
1.490600000000000000e+04
1.112360000000000000e+05
3.888000000000000000e+04
4.000000000000000000e+02
7.850000000000000000e+02
5.056200000000000000e+04
4.438000000000000000e+03
2.620000000000000000e+02
3.526000000000000000e+03
3.219000000000000000e+04
3.858000000000000000e+03
4.952300000000000000e+04
1.357400000000000000e+04
2.015600000000000000e+04
7.474000000000000000e+03
1.972100000000000000e+04
1.674200000000000000e+04
1.686100000000000000e+04
7.811700000000000000e+04
2.352400000000000000e+04
3.553000000000000000e+03
1.209100000000000000e+04
1.951000000000000000e+04
8.600000000000000000e+01
2.939740000000000000e+05
5.771000000000000000e+03
8.199000000000000000e+03
2.434410000000000000e+05
8.050000000000000000e+02
1.386100000000000000e+04
1.014900000000000000e+04
5.460000000000000000e+03
4.071000000000000000e+03
3.651900000000000000e+04
5.702300000000000000e+04
4.789400000000000000e+04
2.147000000000000000e+03
1.558300000000000000e+05
2.425600000000000000e+04
4.870000000000000000e+03
9.076000000000000000e+03
1.941600000000000000e+04
5.189470000000000000e+05
2.214800000000000000e+04
1.274300000000000000e+04
1.153000000000000000e+03
6.530100000000000000e+04
4.819500000000000000e+04
1.413800000000000000e+04
1.509300000000000000e+04
3.562210000000000000e+05
1.075800000000000000e+04
2.070000000000000000e+03
8.343300000000000000e+04
2.809600000000000000e+04
2.376900000000000000e+04
1.231640000000000000e+05
9.908000000000000000e+03
1.589300000000000000e+04
4.607900000000000000e+04
1.216270000000000000e+05
6.976000000000000000e+03
1.103200000000000000e+04
1.282200000000000000e+05
3.755000000000000000e+03
3.371000000000000000e+03
1.244600000000000000e+04
1.434900000000000000e+04
7.302000000000000000e+03
9.280000000000000000e+02
1.650000000000000000e+04
8.780900000000000000e+04
1.041600000000000000e+04
5.392300000000000000e+04
1.035000000000000000e+04
8.610000000000000000e+03
2.709900000000000000e+04
6.691500000000000000e+04
5.622000000000000000e+03
3.162000000000000000e+03
1.732800000000000000e+04
3.343000000000000000e+03
2.551500000000000000e+04
3.084000000000000000e+03
2.188420000000000000e+05
8.694000000000000000e+03
6.295500000000000000e+04
9.405000000000000000e+03
1.339000000000000000e+03
1.403000000000000000e+03
3.972000000000000000e+03
7.581000000000000000e+03
1.945360000000000000e+06
1.351430000000000000e+05
9.270000000000000000e+02
1.273900000000000000e+04
1.608000000000000000e+03
3.250600000000000000e+04
1.166080000000000000e+05
1.151145000000000000e+06
1.422400000000000000e+04
2.141800000000000000e+04
4.035400000000000000e+04
3.454000000000000000e+03
2.711700000000000000e+04
4.897400000000000000e+04
5.291000000000000000e+04
9.108100000000000000e+04
6.978900000000000000e+04
4.682000000000000000e+04
1.162500000000000000e+04
3.443800000000000000e+04
2.666730000000000000e+05
4.116800000000000000e+04
5.714000000000000000e+03
1.323550000000000000e+05
1.297300000000000000e+04
2.190300000000000000e+04
4.892500000000000000e+05
4.640200000000000000e+04
7.821000000000000000e+03
6.163800000000000000e+04
4.285200000000000000e+04
8.286000000000000000e+03
1.835000000000000000e+04
1.431900000000000000e+04
1.226700000000000000e+04
6.461000000000000000e+03
5.151800000000000000e+04
1.183430000000000000e+05
2.066000000000000000e+04
1.117000000000000000e+03
3.296920000000000000e+05
2.038000000000000000e+04
1.063100000000000000e+04
5.024000000000000000e+03
9.429000000000000000e+03
4.726900000000000000e+04
1.048600000000000000e+04
7.254000000000000000e+03
1.260600000000000000e+04
1.060800000000000000e+04
1.484000000000000000e+03
2.293000000000000000e+03
1.091742000000000000e+06
1.525100000000000000e+04
2.847700000000000000e+04
2.077300000000000000e+04
3.910500000000000000e+04
6.159800000000000000e+04
3.686700000000000000e+04
5.609740000000000000e+05
2.771400000000000000e+04
1.519480000000000000e+05
2.723000000000000000e+03
2.404750000000000000e+05
3.700900000000000000e+04
3.644500000000000000e+04
3.098100000000000000e+04
1.605310000000000000e+05
6.125000000000000000e+03
4.864200000000000000e+04
6.994000000000000000e+03
2.508200000000000000e+04
2.885900000000000000e+04
2.708200000000000000e+04
6.008600000000000000e+04
5.899800000000000000e+04
4.371400000000000000e+04
5.601400000000000000e+04
3.302100000000000000e+04
1.044890000000000000e+05
1.582000000000000000e+04
1.285500000000000000e+04
3.204100000000000000e+04
1.527900000000000000e+04
2.269080000000000000e+05
7.386200000000000000e+04
4.563000000000000000e+03
7.658300000000000000e+04
6.625000000000000000e+03
3.310000000000000000e+04
1.649800000000000000e+04
2.310600000000000000e+04
1.691300000000000000e+04
5.488500000000000000e+04
2.977800000000000000e+04
2.962100000000000000e+04
7.023000000000000000e+03
1.222500000000000000e+04
3.324990000000000000e+05
1.442300000000000000e+04
5.234000000000000000e+03
4.916600000000000000e+04
9.827000000000000000e+03
1.530800000000000000e+04
2.785900000000000000e+04
1.110300000000000000e+04
1.137538000000000000e+06
6.824800000000000000e+04
1.557800000000000000e+04
2.609200000000000000e+04
5.635800000000000000e+04
8.237700000000000000e+04
1.681500000000000000e+04
3.714100000000000000e+04
2.193600000000000000e+04
1.509300000000000000e+04
1.903100000000000000e+04
1.168100000000000000e+04
3.520000000000000000e+04
1.019180000000000000e+05
3.219240000000000000e+05
5.208100000000000000e+04
2.248000000000000000e+03
3.600700000000000000e+04
7.258300000000000000e+04
7.175000000000000000e+03
2.537100000000000000e+04
1.618600000000000000e+04
1.104400000000000000e+04
2.495100000000000000e+04
3.630500000000000000e+05
3.434800000000000000e+04
1.246600000000000000e+04
1.315700000000000000e+04
8.836000000000000000e+03
3.119200000000000000e+04
1.069600000000000000e+04
9.724400000000000000e+04
1.485000000000000000e+04
2.002100000000000000e+04
1.212100000000000000e+04
1.225100000000000000e+04
1.557900000000000000e+04
3.502600000000000000e+04
2.384800000000000000e+04
1.826400000000000000e+04
6.238300000000000000e+04
2.844900000000000000e+04
2.307400000000000000e+04
3.733300000000000000e+04
4.460940000000000000e+05
3.432200000000000000e+04
7.361000000000000000e+03
8.902000000000000000e+03
9.378500000000000000e+04
2.232700000000000000e+04
7.817100000000000000e+04
2.802300000000000000e+04
2.238400000000000000e+04
4.302100000000000000e+04
3.155500000000000000e+04
1.805900000000000000e+04
1.291880000000000000e+05
1.399920000000000000e+05
6.790000000000000000e+03
1.176700000000000000e+04
4.345200000000000000e+04
3.898700000000000000e+04
5.472900000000000000e+04
1.747700000000000000e+04
3.993500000000000000e+04
2.912100000000000000e+04
6.634200000000000000e+04
1.505750000000000000e+05
1.718400000000000000e+04
6.603000000000000000e+03
4.559300000000000000e+04
2.333710000000000000e+05
1.773100000000000000e+04
5.802000000000000000e+03
4.244400000000000000e+04
2.448300000000000000e+04
1.360100000000000000e+04
8.526000000000000000e+03
2.835000000000000000e+04
7.014000000000000000e+03
1.368790000000000000e+05
5.247800000000000000e+04
2.219600000000000000e+04
7.311000000000000000e+03
7.904700000000000000e+04
4.208100000000000000e+04
1.517400000000000000e+04
1.371100000000000000e+04
1.829650000000000000e+05
2.454280000000000000e+05
4.031000000000000000e+03
3.270100000000000000e+04
1.204800000000000000e+04
9.600400000000000000e+04
1.764600000000000000e+04
2.178530000000000000e+05
9.942800000000000000e+04
2.548300000000000000e+04
2.453800000000000000e+04
8.680600000000000000e+04
4.509800000000000000e+05
2.136600000000000000e+04
1.469100000000000000e+04
2.754300000000000000e+04
1.917900000000000000e+04
2.218900000000000000e+04
1.864860000000000000e+05
7.458800000000000000e+04
7.271500000000000000e+04
4.510080000000000000e+05
3.985000000000000000e+03
1.021330000000000000e+05
3.980400000000000000e+04
7.667000000000000000e+03
8.780900000000000000e+04
2.215000000000000000e+03
9.314700000000000000e+04
7.081800000000000000e+04
7.927500000000000000e+04
3.022800000000000000e+04
2.079967000000000000e+06
2.541830000000000000e+05
4.252200000000000000e+04
2.086100000000000000e+04
7.512800000000000000e+04
1.025000000000000000e+04
6.071100000000000000e+04
4.129000000000000000e+04
2.056100000000000000e+04
1.298500000000000000e+04
8.319280000000000000e+05
1.601500000000000000e+04
1.203650000000000000e+05
1.134000000000000000e+04
7.595830000000000000e+05
4.843180000000000000e+05
4.365000000000000000e+04
2.658510000000000000e+05
4.067000000000000000e+03
5.984400000000000000e+04
2.083510000000000000e+05
4.682700000000000000e+04
2.476870000000000000e+05
1.676600000000000000e+04
1.104970000000000000e+05
2.371400000000000000e+04
1.446300000000000000e+04
2.353000000000000000e+04
9.710900000000000000e+04
7.513000000000000000e+03
8.941000000000000000e+03
8.391000000000000000e+03
4.513200000000000000e+04
8.618000000000000000e+03
1.168700000000000000e+04
3.545000000000000000e+04
2.348300000000000000e+04
3.011200000000000000e+04
1.392300000000000000e+04
6.876100000000000000e+04
2.912600000000000000e+04
5.571300000000000000e+04
1.902230000000000000e+05
1.641400000000000000e+04
2.156100000000000000e+04
3.534800000000000000e+04
2.044800000000000000e+04
5.680300000000000000e+04
3.241600000000000000e+04
2.701600000000000000e+04
6.178500000000000000e+04
2.757800000000000000e+04
2.571600000000000000e+04
1.034630000000000000e+05
1.358200000000000000e+04
1.745300000000000000e+04
2.582700000000000000e+04
4.332800000000000000e+04
7.371000000000000000e+03
7.634000000000000000e+03
8.662000000000000000e+03
3.378800000000000000e+04
5.677000000000000000e+04
7.824100000000000000e+04
2.942900000000000000e+04
1.001100000000000000e+04
1.466400000000000000e+04
1.341700000000000000e+04
1.706900000000000000e+04
6.927000000000000000e+03
9.098000000000000000e+03
2.473100000000000000e+04
4.112200000000000000e+04
8.834000000000000000e+03
1.598800000000000000e+04
5.845000000000000000e+03
8.623700000000000000e+04
2.259800000000000000e+04
2.021500000000000000e+04
1.610300000000000000e+04
4.545500000000000000e+04
1.498500000000000000e+04
2.566700000000000000e+05
1.318800000000000000e+04
1.532800000000000000e+04
4.949100000000000000e+04
6.346000000000000000e+04
3.442300000000000000e+04
5.661500000000000000e+04
1.639200000000000000e+04
5.162840000000000000e+05
8.857400000000000000e+04
2.776600000000000000e+04
4.369800000000000000e+04
4.430500000000000000e+04
1.015640000000000000e+05
4.481000000000000000e+03
1.017590000000000000e+05
9.127000000000000000e+03
5.182900000000000000e+04
3.706300000000000000e+04
1.883600000000000000e+04
2.382500000000000000e+04
5.917000000000000000e+03
2.065200000000000000e+04
8.439500000000000000e+04
2.639500000000000000e+04
1.680680000000000000e+05
2.044400000000000000e+04
1.180110000000000000e+05
1.685300000000000000e+04
1.941000000000000000e+04
2.849300000000000000e+04
8.016000000000000000e+04
1.357800000000000000e+05
4.129800000000000000e+04
1.505000000000000000e+04
4.522000000000000000e+03
9.564060000000000000e+05
4.537900000000000000e+04
3.741700000000000000e+04
3.556300000000000000e+04
1.820060000000000000e+05
8.747000000000000000e+04
7.335000000000000000e+03
4.095800000000000000e+04
4.343700000000000000e+04
7.048200000000000000e+04
1.367500000000000000e+04
1.951630000000000000e+05
1.766200000000000000e+04
1.611880000000000000e+05
1.433300000000000000e+04
8.675900000000000000e+04
6.337900000000000000e+04
1.643700000000000000e+04
4.157900000000000000e+04
1.152900000000000000e+05
2.054000000000000000e+04
2.950900000000000000e+04
3.036200000000000000e+04
2.139800000000000000e+04
1.035270000000000000e+05
1.569400000000000000e+04
1.332510000000000000e+05
3.951180000000000000e+05
5.206600000000000000e+04
2.417800000000000000e+04
1.695110000000000000e+05
7.360800000000000000e+04
3.781100000000000000e+04
1.193000000000000000e+04
4.832000000000000000e+04
1.585400000000000000e+04
1.409700000000000000e+04
7.248000000000000000e+03
4.070300000000000000e+04
1.351400000000000000e+04
4.816000000000000000e+03
8.573000000000000000e+03
9.638900000000000000e+04
1.856700000000000000e+04
8.162400000000000000e+04
2.463000000000000000e+03
2.898900000000000000e+04
8.799000000000000000e+03
3.003200000000000000e+04
1.005700000000000000e+04
4.501000000000000000e+04
2.293000000000000000e+04
2.090400000000000000e+04
8.322000000000000000e+03
7.201000000000000000e+03
