7.367320000000000000e+05
4.849377000000000000e+06
2.966369000000000000e+06
6.731484000000000000e+06
3.880250000000000000e+07
5.355866000000000000e+06
3.596677000000000000e+06
6.588930000000000000e+05
9.356140000000000000e+05
1.989329700000000000e+07
1.009734300000000000e+07
1.468072200000000000e+07
1.266623300000000000e+07
2.868440200000000000e+07
3.052927600000000000e+07
6.357335100000000000e+07
5.219621200000000000e+07
4.053662600000000000e+07
1.395623900000000000e+07
1.149915700000000000e+07
4.837308300000000000e+07
1.419472000000000000e+06
3.107126000000000000e+06
1.634464000000000000e+06
1.288058000000000000e+07
6.596855000000000000e+06
2.904021000000000000e+06
4.413457000000000000e+06
4.649676000000000000e+06
6.745408000000000000e+06
5.976407000000000000e+06
1.330089000000000000e+06
9.909877000000000000e+06
5.457173000000000000e+06
6.063589000000000000e+06
2.994079000000000000e+06
3.253470000000000000e+05
3.695470000000000000e+05
2.086610000000000000e+05
2.452890000000000000e+05
6.406710000000000000e+05
2.419410000000000000e+05
1.711830000000000000e+05
3.088940000000000000e+05
4.825460000000000000e+05
1.023579000000000000e+06
9.943964000000000000e+06
7.394820000000000000e+05
1.881503000000000000e+06
1.326813000000000000e+06
8.938175000000000000e+06
2.085572000000000000e+06
2.839099000000000000e+06
1.974622700000000000e+07
1.159416300000000000e+07
3.878051000000000000e+06
3.970239000000000000e+06
1.278720900000000000e+07
1.055173000000000000e+06
4.832482000000000000e+06
8.531750000000000000e+05
6.549352000000000000e+06
9.388030000000000000e+05
4.486440000000000000e+05
7.539500000000000000e+05
3.506770000000000000e+05
1.570470000000000000e+05
5.330960000000000000e+05
9.817800000000000000e+04
1.188276000000000000e+06
6.683470000000000000e+05
3.891420000000000000e+05
3.434300000000000000e+05
3.285420000000000000e+05
3.512200000000000000e+05
2.695695800000000000e+07
2.942902000000000000e+06
8.320827000000000000e+06
6.265620000000000000e+05
7.061530000000000000e+06
5.757564000000000000e+06
1.850326000000000000e+06
5.841530000000000000e+05
